1087295007705321500
1192797838008184800
1169899516171915300
3162384876
1131894782999973900
1165540845526777900
1131994493597626400
4816589833
856116586351964200
1022762628270018600
3258476372
1189092607512596500
1059031162297831400
1022814047916384300
997416380050780200
1139832493471703000
1027151842445148200
1187948057658159000
1194520901229797400
798048840330842100
1192380326795833300
958125002284441600
1193699391841767400
1194517480225423400
1165576974955233300
1170808578124345300
1111900465547993100
1130364565215039500
892250380855156700
1191290563682685000
876420476523827200
864515302796570600
4314526055
1194509683542806500
1194511877822238700
1127365516408942600
1194509519952310300
1018787053582966800
987952785390952400
1179886999529914400
1177850677835337700
989414551178301400
1194506949754159000
846536732002533400
1175015782553534500
992735297719816200
1185733287148343300
1168640815863742500
1193483602668843000
1105349804157100000
1194454097178423300
4753678033
944868825610125300
1617255794
731472688556826600
889136951835504600
771750739878314000
3143021245
1194485868934811600
981482275031298000
1160866696455811000
1190916327277351000
1194488657102590000
977530379333656600
1194487304758296600
1191009911968153600
1194483121380413400
247523472
1056509147271770100
972249436414869500
1014849982497607700
1163340701041430500
261561779
2214963944
2284709166
195705561
730739658426966000
1048627466795774000
1170585018407608300
1086660043938848800
4808635520
805192659270860800
1109821963705286700
4806312084
2277358033
879447378469593100
4891769412
2212473630
1190143719703371800
985205314659041300
975029887818809300
1187336022507454500
299096217
1085881961908908000
1091516917
1047825148005384200
1016718530706747400
971762393662439400
1194066668982374400
1026470065951014900
1194029857132499000
716111944017547300
1142707503093825500
331288047
833292902889517000
2937800072
1123332605624115200
131846753
1194434773747241000
992177782422556700
3075830258
826287849603420200
908592235502985200
740449207769833500
1966982112
1113081964678926300
711011329285328900
1112554842600296400
731136374766600200
1145182359492259800
1193862699840618500
1080766725224726500
1194419225558843400
1193711892008591400
1194407502030327800
1047875472799887400
2289832158
1194408717002756000
774551541512450000
3286206115
1031164400126677000
1194037460537204700
491618554
1044594986082168800
1112693643582668800
1194025538500710400
1188873398648098800
849548180484223000
1101805361302888400
1111584913289965600
1193458194883870700
4732757791
1187126346960400400
1174358344368304000
2380192686
772057131725893600
821662628724482000
1051366252302590000
2999255701
799161770656923600
963718963640217600
2464863367
1194382212205961200
1183711915949736000
1193280350681649200
3304201039
987025364
1111770507643228200
1189126368048500700
1192335163008540700
884450383476572200
1194373337767501800
1151135741990170600
1194178587558994000
1100752188819685400
1194373457837842400
826104408094093300
910518085257269200
1145617157469794300
862581194327695400
1194367079974981600
3138516967
1051250999506001900
976756975093497900
1194365752289067000
1167679699666890800
2263047852
1009962515176886300
1194223589072887800
2750532744
1120956767305732100
1193370698523111400
1307802632
1115980381184913400
1175408820463362000
981134078010261500
1169259128557990000
1193911719619256300
2921177905
1161348280606793700
4421040620
156540170
976133521373765600
1190173616966533000
2459842831
1193896793844510700
1127499992740929500
4608236540
714136043075670000
982818960616796200
1062668210703462400
1147847505423433700
843433716613496800
995612248881033200
590855859
877456293610504200
329819723
921157724036931600
717661183814176800
978250424967770100
939349458977898500
2926926462
1104795932380414000
1194279239287070700
946274158547165200
1960747801
942423559653093400
724961197930369000
1052453251986182100
1194273462828716000
4324659798
1193826851744911400
778147184130793500
2711901301
1165630817575436300
893398433733656600
76669520
1193903582317174800
1166915693079486500
1157211969352429600
1193515946985443300
1170506518526980000
1194267385806516200
1029738824400695300
1119619250077851600
2302648142
892626195845496800
2919540523
3065596578
1194174106016465000
1194264285825753000
1167795084743458800
1171193515830734800
1192938097366880300
1193878239904592000
847838230833545200
1188300176043020300
1194239185403515000
1030056373499744300
916841625506127900
1172078384102305800
1168101608082686000
2540707722
863264394012119000
1025372393856876500
1194255552315920400
1194251765463404500
1135168118396006400
1130459404325621800
974654165333901300
1194244524945465300
1179037303924150300
1094984895359676400
1179339859065852000
1192881643800817700
1150729269313593300
4840246286
1095556880842158100
711065681547034600
1116893570294673400
740550089093972000
873494699406876700
2821507159
841646177913258000
1092765797372424200
1079612890288513000
1194182681090654200
1194231898211381200
3241390770
1180441548690878500
854313183997116400
1184454937566048300
1194241093031714800
1134372808853639200
1167346889051656200
1071657818988601300
1603440560
1039866722948329500
976096992211251200
1190992680806781000
1153080943223038000
2227919804
1194209400149250000
1146716656846155800
1194233471587115000
1123791106892808200
2717128466
1162738985988268000
1194230100184617000
791200277810425900
4312269751
1194181179856961500
2391417210
1640499481
1194228630546604000
1194229270614179800
1181403238483910700
993632774371262500
1152217365234384900
700915527288537100
1188389467066753000
1676857088
1182242449462153200
1194226000105631700
1194226353010167800
3259151641
1193503530096578600
1194118175635300400
786584271636996100
1169015702461792300
2380410428
1104660881445511200
766095786916585500
986913676656443400
1190207397081403400
1194183064173236200
851759600298672100
1185422815454826500
1158670541923897300
1099278120593502200
1117417009333932000
1025921784
1194016686925471700
1167601820010606600
1129960997383315500
467666429
1049561500040421400
1194205430248964000
1101677847230394400
1089845295486124000
1036889730166607900
4728373460
1172795529190764500
1179432276930781200
1194198515309670400
1192944441050353700
1192849920622907400
1192741039641022500
999335261690458100
2928487951
1193082084392259600
1192795771994656800
731798417412743200
980285852621275100
1160179375272128500
1135049207599886300
1194182885185474600
1082189872398446600
1131902256175992800
1046622045084082200
1191155625465536500
1135870119895228400
1166241918407172000
1172112493981749200
1194196929493663700
1166317105433604000
4888399699
1068793513075068900
1161265866014507000
1177559410689724400
1194189468598554600
1064505165456134100
1085821160976146400
1191554133389537300
922766752571826200
1194190829876723700
955720490617729000
1025008476966154200
1176877487369777200
1022384788026536000
1026798819613102100
1194184317267628000
2222398470
1173221028694122500
1194184716250841000
1193881580155986000
1119261438676045800
1193664301661188000
1194182236083384300
1046682251105263600
1194180635469873200
832927218179285000
1194145434614161400
1184424245540999200
1069221295357755400
2772483357
1173536406699827200
1193651430902550500
1109341584556908500
1044500802612547600
1000370795137421300
1184110456014655500
1194177093476601900
1083615755940257800
1168492940345237500
1151363782397923300
1186938835629822000
1069885251952947200
1194166549008932900
1099285225949954000
1194169696456601600
1063027674170314800
840450360737120300
1167387143787798500
1194164330645770200
758570101058568200
846668061155311600
880047409694244900
1193052763506143200
1182557030889820200
893032536472821800
804667662252945400
986551414787747800
1193878170937639000
1176406526874931200
1401798823
1136610999170035700
1194138104984043500
1094162422917619700
1194060572209213400
768657721834942500
4700987816
1194157498992693200
1178954485181247500
975851015143501800
1187242274234650600
759752791346733000
1191226918571393000
1411983097
1130641206600273900
2248896512
1178149181023608800
801609069609947100
1187658457714843600
1193440882797604900
1180120088466215000
896174969087971300
1068206193783431200
1040914458992771100
2456153767
1193969649878089700
790889989248692200
1193477543388536800
1152869242317893600
1009500986325569500
496057076
1174272576098623500
1194128143373627400
1181481436399825000
3093605671
892935785736945700
236341155
1189498417744998400
804450381732323300
1194117513438584800
1193972141370142700
797970096865972200
3099552518
990092198728294400
1189110168920842200
1194106815019016200
1194105423193788400
791319432802934800
4890740814
1194096209515860000
974106104379490300
3024867451
1184750802016952300
2920259815
2410360590
2874686790
3390022578
1185921455847952400
1193812684958945300
1188453645114675200
2303156425
1107646290584731600
1148490428200579100
1187726391925604400
1194086533319446500
1192055684923179000
765475825281937400
1158061249881493500
3310286017
767491323410559000
1622884766
1000683076261892100
918532819764121600
1193645839203221500
898939214670069800
2733795836
771206045863518200
1193914576380690400
1168669764794740700
1046890030504075300
1157466385775124500
740153101902958600
970609345267343400
1191162818839531500
832981989552644100
1190174931297849300
1193840366773911600
1099632806
765172236298825700
3311171449
553552826
1187137220597010400
776591778698768400
1174659349899174000
775285459123474400
894779246933008400
16130236
2578077762
1107423651614187500
1088080660370079700
1181942620504739800
911475051735564300
1157881855485497300
1194031343446851600
900108326
1173994196530630700
767759478829617200
930082890917883900
784746518003585000
950389109683494900
947443036354576400
3222056462
1193173007813861400
1181902547386110000
1192204378368667600
1104701326812823600
982648984534638600
1183725820092641300
1162171349751648300
1142434691187802100
1364553756
1119618233911222300
1030693479058354200
1010892976640307200
1193870098492035000
1164851427778285600
1193483207292813300
1155483694267715600
1110224496298872800
1155469802137251800
804299862015549400
1146401765618679800
1103162337752543200
2386927850
914814792421929000
2566442042
1066705506188709900
1100314586073358300
823831260254437400
4291209012
817340734873346000
1169131583045087200
840808668954210300
1190250482444292000
1193967242917998600
1193961601679777800
1054315918245847000
1186652423533813800
1049122841717854200
2431877215
1109912386859733000
1193940075593158700
1193289500807417900
1181856852247580700
987207671152394200
1039465399744487400
1166252273241972700
786166323541790700
1055092294938837000
1180777160618827800
1334153382
1003118879751589900
927004915729252400
708539956705112000
911796465269325800
1190549860971270100
1027464717730639900
855053583804358700
1148794564997599200
1114830401422291000
1061620495274000400
989072137133678600
701190662985637900
1193918983793070000
1022141246192537600
1193905633885425700
1127213844412002300
1081959563987890200
835773977423302700
1189454787055480800
3873306146
1082230945703325700
1154763190690914300
879764462
1193913127575814100
1074663388075049000
1182411383624781800
1158926248501891000
1188116686035046400
724010061559791600
1102624068182798300
1176064609649746000
1090859820729565200
1193872118691192800
1158037154502602800
4180417339
1193907807780655000
971026208749109200
1161429847882653700
952556934980288500
785434682242379800
1167399116885786600
1139886565629411300
1120855453464842200
994583937862135800
1142284640247373800
3161182590
1166652369368539100
955772481096204300
1193889511895265300
1188091957018423300
889402900564156400
1153146407508856800
1103131607907487700
1193896870474420200
3791402473
1167441098127470600
1108246641000120300
1165769581404684300
853450709085245400
1186601766344806400
1193897500999946200
1193897835160227800
1182594812416913400
1173095332944609300
1192062430764925000
1193469562760487000
1193894131271008300
2705781054
1127454563412238300
1132081769342066700
1153656289534152700
755240520687902700
1138421466947473400
1193721576358727700
1193893717859422200
1170277562104205300
1193771818034712600
1193831127674314800
1193892295189262300
1193794253022847000
1178354424571285500
1191696343221190700
2449578559
1727410980
1186608064306106400
2571068754
3009652046
867373450150543400
1193859805573599200
1081039394792853500
1193887635078402000
1128231540633157600
1103275876727189500
1147370033326129200
1193881062390124500
832821369507156000
1193787246333137000
115935527
1179351609391771600
1096701177222189000
1160772225336615000
1156524244693422000
1193877689095995400
1166011777429065700
1889539004
1175632093079994400
1040404688032526300
1193876847655735300
964545968774438900
1193875687926423600
1193862840022495200
1186084654199103500
1149579484237971500
1193878689747832800
1109806811626889200
1158245927418601500
1029913580232007700
1149935471608266800
1099656890588422100
1120278923760156700
1193871498118717400
1193871628247040000
1166954340919038000
871699560652914700
906121199754690600
975375560900620300
1193873917015773200
1193873997936509000
1012694163580571600
1110194468718698500
1192650932556685300
1192036165773168600
1193870980533239800
1193868150678278100
1174247805474529300
289879868
1178608950029107200
806252284308926500
1189833641381154800
1193868678279749600
1112546480294776800
1154296131255332900
767620860513443800
1168121224351731700
2943958916
1193864183714132000
2344135518
1160052237185380400
1191250828650172400
1163776806542958600
1193866901052485600
958340204317720600
1193433116796280800
1043322250395496400
1134763035380162600
1149326592532856800
1095674477667483600
1193864451461533700
1192952535767646200
1166336614869561300
894703325811048400
896369310695735300
1106935281947541500
1127534110237270000
1046650253183610900
1009467960040173600
893424931404263400
889461930544386000
410178676
924630386054799400
1080837378799939600
1123590309005234200
1193372348088324000
851381973322833900
1193858394186080300
1185760877842034700
1094958844835356700
1139739753102790700
472126293
1163528677746811000
847486452770287600
1193855581506785300
717338743842033700
898034364008636400
1041238078117933000
1177740309490331600
1191351042962649000
980268569060524000
2333866327
1193811333843546000
1116701024339673100
712262462200877000
1185821656939298800
1162886012403507200
1405417069
1193850125136711700
1191725814129315800
698032074108698600
870901360757063700
814383446860542000
1173868837642494000
1016443531911577600
1167276242741031000
1193838738725466000
1096938451985784800
1141257416014565400
3245233328
1147461260922904600
1187504540511113200
3093801614
1193847113450279000
1062671991717548000
1104058301090738200
1137728905819840500
1191529351801528300
1175928196056830000
1059211895024930800
873823914228498400
1176000720849391600
782075075788800000
1175721753747718100
1185228111022936000
1193838152189763600
1193818963299295200
1174701725267189800
1193519925232451600
1122497389724495900
1193676840063271000
1042557138013442000
1131890388300525600
1157730028051783700
913914084487192600
1021973903302905900
1135140938802614300
840478943421513700
1176041198735241200
1193666590937469000
1193826561662713900
1193824504838934500
1186912971831689200
1176428501009744000
845502115
1158263539204644900
1193822756279734300
981793494917201900
1193491166949363700
1185273521825386500
1058391610122092500
1168882162738745300
2598109818
1193815070788079600
4879994668
1193818753923866600
4807604755
1190623317453000700
1193100404906528800
1159436869425193000
1089700726819893200
1082628779422363600
1193775445872795600
1061643036118011900
708952595314774000
931140004234985500
1122200599661957100
1193814795293642800
3277468232
737991163949375500
1193809747239063600
1175628133409509400
1193812824205643800
1193810799485055000
1193574078096887800
1248400422
1193794510167216000
1185449321262530600
1187377108835811300
1112622996017967100
3594524953
1166910932510855200
1048542522295767000
1133875867854155800
747014622276771800
1193672651648028700
1182645469899419600
1193798618781667300
1148204508872400900
1186647738991173600
1091857679981539300
1183449479850020900
1061955989971198000
1193788579027177500
1151118134746603500
4228053014
1145870874794324000
991985906117697500
1168929741463838700
1193786206175158300
1193787154805084200
1192312284967649300
2594806520
1014015873529462800
1193185184964731000
733622013533638700
4511988084
1176397681767239700
991972514598346800
2810178048
873846668789071900
1193764745137885200
957244142987354100
1193564036710879200
840732081260904400
937675577389072400
721822530504302600
914020986214744000
894543194100088800
1148200531338227700
1177019000422711300
739325058997321700
1077915649672765400
2279110189
1144588037873008600
1193542011200012300
1188000689756106800
795194798562938900
1019352347749896200
1139064057581826000
1158696114809294800
3111154524
1033912875054559200
1178302877317517300
1108322480878317600
1191615790123847700
1005826000637157400
1193731309543157800
1193734147157553200
1132099331035504600
963611220
1086939784684040200
901617924623892500
520617105
1193727944146817000
1193725491888263200
1104966812398047200
1678388173
849525468021891100
1107431810894610400
1108524693668003800
1191630013289775000
2388159474
541980288
1105079963181449200
1130717807719510000
495687986
1068817432368693200
1189082681826402300
751753000205455400
1193703533855461400
1124962055377657900
1193703355740086300
1117726841291198500
84667993
1132252428282130400
3390992850
1149387318580658200
1104328190086938600
1193526759783690200
1192340663641051100
1041688837825523700
1193449343929307100
1190546228284551200
1098184581625274400
1077913159996862500
1188829086749057000
1103716758228107300
927427549503766500
2729111718
1155435900374929400
1040762460100223000
945080783215005700
1156827516612382700
1139911248714162200
1183288765025939500
956369437690536000
1150774568488804400
1126781001047265300
2253606356
1193509037343568000
1191013805809004500
1193169703046283300
1029400049137020900
1176620173169705000
436327896
737240644066775000
896553181982801900
846658542081753100
1185774539826819000
1115203212414308400
1193072006121414700
819747848
965014000869064700
1134039713239584800
1193376113151467500
877180228711309300
1159026502664503300
1193644071727726600
835894160934592500
1192591945165504500
1046163834115752000
1141103559225643000
1171047539627311000
1183473621487865900
760746279362175000
917673167727951900
1002196277054984200
1191402521027215400
1193583721804267500
1193557885029998600
4274398470
1041013236060102700
1162053870987538400
1105133288941793300
1132453227830468600
1170354919506735000
1188143079737286700
1193565953201623000
1125755741422309400
1193560488811958300
1070888998757789700
733196877114413000
750476343016501200
1193557674022977500
1054987418875629600
898745016582942700
3029264295
1153364723183673300
1105069862215278600
1191017461576941600
1161984173336191000
1185696166001827800
1193548537436328000
1193551559298179000
2938437527
1085196414337003500
3149448097
1148866195799457800
1049854228108210200
2466136506
1166308098237071400
1701474900
1193545460381732900
216148785
1182585018448662500
3167521574
1193529645154459600
1130821716538679300
1191563180209688600
513780978
752164582236516400
1127122293690208300
1193541460701761500
1183646440255447000
1090549499594862600
1193535416357417000
715511815552114700
1193539117226741800
1193537454248059000
1193145792992727000
1169184965612822500
1193536890286170000
3789440659
767639595508871200
1193534528758792200
1193514014086615000
1193165751282102300
1193525623215444000
1180824780200538000
881838604812656600
2653927464
1170827622529388500
1011511218815660000
1175974792417050600
1175018685150269400
1177773517028200400
1119873546191196200
915572752723075100
1116614914586501100
1186690447898366000
1188100221189836800
1127136935883956200
1178625673931317200
897429948511559700
1193526408330399700
1185186541607325700
969199673763184600
1143130774331252700
1153313143830876200
1131158044732084200
1144536579106431000
922514259694645200
899802313
1183747669832814600
1160168546879459300
1167822401410715600
2944927333
1102148819406340100
1192148842038222800
1193518508342005800
2598026844
1037738844907626500
1193083671541993500
1193515523679518700
908158923869270000
746605214367572000
1155689683919106000
1182282536413565000
1189071335718154200
4024810580
1130076013474402300
842294883310157800
1193207864166273000
1193514414399320000
1178997267652477000
4752666572
1193478214389137400
802985477850599400
1193506063925952500
1184406931412152300
1156407955060748300
1904316955
1193509030745890800
1193067678870564900
1186949490994864000
1193039654393565200
990956057705893900
1013696703344472000
1119590937569534000
1124435637761859600
1575042079
1193505087181578200
762974447858913300
921367783660646400
1137661708695031800
816581115683094500
1193500983147368400
1035912493674061800
1193498450358235100
1193501157953376300
1076474974590758900
857177824741937200
1159254596591599600
1193502584520106000
302735053
1190533067594559500
959624283667423200
957828288415645700
2921349668
1189087558770184200
1193497642468200400
944882262490746900
1156873760072274000
1105383949625307100
1175344996158820400
731125931406856200
4672561213
2878124082
1188408061699838000
1105805474295738400
1193493324365095000
1193491510647390200
989682298369949700
1163421982131515400
1193489287058092000
3219955333
1124658477299748900
1193301979054788600
1051827431542153200
1193484573339877400
1193484424240754700
1129361751437262800
969093666353508400
1193482594412724200
1193477425184657400
1129311741802795000
1193446080131649500
1193484344989380600
1193482283195306000
1071735615127937000
1181813418694570000
1128098940245557200
742331817546506200
2867587110
3117159768
1193179420489420800
1193164204993155000
787222215250944000
700671723838902300
1191139513105440800
1193474068625805300
951080697086660600
1133352350414884900
884482155576819700
1123170823810895900
979297326350024700
225266416
848486373300461600
1043052740828516400
1191612886935695400
1136406617207926800
1163354929701896200
242667853
1187863202190594000
1025854831984955400
1104932282362617900
1193448839690145800
858306153926729700
845906593782784000
1113476781896392700
1027374931917529100
1193458082413596700
3025973700
1145903431132958700
1193217883188260900
1193455323379454000
1130483532709503000
1177184374749458400
1104361673186402300
1957999135
1193455171210080300
1158054150124343300
1128624143124062200
1193452148299690000
1139116285852246000
1132709158686343200
1173585540660129800
979383586137677800
995884550692601900
1183995726952464400
1098419016975011800
1158341892959953000
1058565916412133400
1193442820717105200
1129197335248924700
3228620138
1192817816392601600
1148866476067057700
1079610236049121300
1140539366579642400
1193399650696351700
1147767664716050400
1091878801959571500
1164093604723396600
1183588395974422500
2389564532
1183603295010476000
1193428065986084900
1103642189299478500
1124906164204884000
982148103460470800
4344052940
928902379747008500
1193425400040345600
1135138052605505500
1178669043865157600
1116588555730440200
1108725329961447400
1951650668
1191167607363080200
130551223
2595878696
1104910000672071700
996714898884251600
1193309321565626400
1059230587871879200
1185555712950145000
1022864679859761200
798376238867824600
911220856478613500
379187112
1094459524302331900
1173088640496369700
1193399463089340400
1162318983103520800
1193231214078873600
1168838386825646000
1193072652832796700
1054225038755463200
1104754178981650400
1148847487630712800
927486458599837700
794347818521477100
1030066221473910800
979863324216016900
1077922862671978500
956298236263727100
1193388474482622500
4097213533
1184241033107792000
708193742679715800
1155212862878470100
856993124106645500
991614038051242000
1193050237952118800
1193385967891054600
1192383803492200400
1100040569466712000
1193382820246212600
1056478300493643800
1193309098990682000
894531542818537500
1059337409307979800
1160559798372331500
1157626974174453800
1006177476312088600
1193379369323917300
1173595051244474400
1013010157146521600
1119418416392048600
1166635138584723500
1193374721141657600
1190168281044246500
1193314317917020200
1000710246690574300
1138411419450273800
1016277522076483600
1172849358733054000
1164297813066313700
1193364015700832300
844124944631910400
1191591877390168000
1181564952714211300
860873455171805200
1185982462842663000
995289769734111200
84640012
1925804364
2308060256
1152952384877805600
1164838401834549200
1091346446090088400
1098585288941523000
1189839102528483300
1193352826748977200
1193350964087947300
1191277128911712300
3303194995
190574655
1108385402266673200
1144174573048303600
1144848843273433100
1107102928672706600
1101000189635059700
2895637982
1192380096738254800
974945448849846300
1164545027348942800
1105606216913322000
1193337758103687200
824232746755051500
381834143
917274013008670700
818713909448147000
1179240505525145600
878589688751063000
1064528480962920400
1117766459017445400
1172822848039084000
1092716148485832700
1122687453381288000
776681863276408800
1118027239344369700
1163037190118469600
2821271887
1011888649888153600
1026469784001466400
909583785246597100
2276487078
1192054054072942600
907155268370260000
2416242074
1106512974921912300
841764185721643000
2379260959
716580851224424400
831482856069177300
1192630102896660500
1184059212189462500
732570535494750200
1186544183470747600
51833353
1151867004019564500
1111964420417085400
1062621572475772900
4638155672
1021968470156734500
265502066
1107250002424782800
1097481550164197400
1192787611384860700
1021164842772656100
895093404740210700
1181170576263508000
1193296410520637400
885076510050222100
1192697736962834400
1175341044021387300
1040724578832605200
847569631568994300
1172834031617986600
802846216014790700
1151538513415831600
2197147526
4830981673
1142432008976519200
2854108490
902120293623144400
1120072805070979100
1191719119235608600
1136246100145262600
1193241500152295400
1166368823827583000
1118470639721934800
1000156724924334100
897325367685337100
1943471772
1193224272564502500
4471373292
759670662
1192323611735912400
855763404069388300
2878461182
1179345305516441600
1139835802827935700
1192429659637502000
1193206711198179300
1183758182654464000
905357090406805500
851696104731099100
1008713208280956900
1193158401632567300
1167568828647100400
1193204168795672600
1193201506016645000
958541922062123000
1146311256090918900
901018272161648600
1138833762030985200
1172776300064325600
1193193877965963300
1185574304244650000
1125754795317289000
1159438861358862300
1190791852850466800
1187369174433091600
915773811483725800
1193189709943427000
1073487389954170900
1118336315408302100
2432928181
1179017060019368000
855768329545330700
2375075706
1186575715317080000
1153506319157956600
1144634258
1164056360981373000
1193080158078394400
1193179887101628400
1174689086407266300
945344933606518800
1117091267676999700
1193182813052256300
1193095651308949500
1106182063391035400
1193178986320253000
1073223847459975200
1151408393245954000
1173165932169949200
926457269658705900
1193175075781873700
1158081885173497900
1105228418453397500
787255629307969500
1182954657808670700
1159447762221449200
1167030790900699100
1193171049652744200
1193141459853033500
2921289252
1193008393998323700
898755894309081100
1193171740496498700
1103068938089390100
1160819401496510500
1179394114149699600
975704345390940200
1193166595905872000
1056883189648515100
955456658183880700
1193081882608451600
1191365791427383300
930765534123114500
3107273329
1193150916628627500
1046394373468876800
980202452174626800
1112612202458972200
1192378598448980000
1193160719694303200
1193159855642558500
1117055222046572500
1053207838812647400
709015252453576700
2828835518
1193158622630465500
1000271632814952400
1189535576178884600
1161193264730390500
1192935225401065500
986894820277764100
1059665711394578400
1174942335475409000
2224642308
1193154062343999500
454133467
1193007759177875500
1193152509746937900
3222078648
1183359563141013500
2699879503
944789310896664600
1192363835555844000
1143433659409551400
1035919283757301800
1190033553150500900
1060871799049609200
1193075202088816600
1162613962724135000
1153991257611309000
1193147737820164000
1191927367666720800
1104939020751036400
940577553047105500
982895173016272900
1163028892480708600
1193143902334677000
1193141889114882000
1193142975989084200
1187696319223042000
1191137873417818000
1193115395965669400
1193141200896712700
1182985461616169000
806204501078085600
1193136896173461500
942934843
1065179286234005500
772036117885390800
919697008687849500
1193130129410547700
1192407740200521700
771229037729427500
1101382473894682600
798532047702609900
1188763928488099800
889093415824113700
1042084320410665000
1153345190427410400
870637517057302500
996789030866976800
1188345414321238000
1187265744628674600
934058257550676000
1156550824023081000
1177715209160413200
1192571198921531400
1193114264304636000
1148134502562033700
1187564255656079400
1156843498630291500
1193082767380140000
1193116666441265200
1048340063447265300
1186574611648938000
1146764720247959600
1163661146533945300
1185795717241065500
857104216409739300
1193109095261196300
1172650910276653000
1175682219844587500
411861918
985480465896292400
981334988757987300
3022399956
786523239363162100
2289737352
1192707723139240000
1171018376237338600
1090994554436673500
1165883709242757000
1245239082
1184376844872642600
1129703507483775000
1191944308041105400
1125765352716005400
1191281125601104000
1175159301100302300
1011830239201132500
1183728075311214600
1058611926563905500
1009559127045967900
1193098599459999700
715033378144264200
1069245214089343000
1170166282836009000
1183217700299923500
1081524079914414100
1129795581377859600
1108537216731512800
811357725351252000
1192400097943834600
1038334805287424000
1131924945259249700
906164759841538000
909749162899411000
747432367824900100
1065236458280149000
1106120792129986600
4722696140
1193087964978401300
1193087654717321200
1190958444896907300
705162624883798000
3144667362
1180659942329438200
2905959152
1193076877595832300
1089635242925731800
1182882729076985900
1427827687
1193076109031571500
1178674977567993900
1104732225679978500
1158779838024392700
832201705303404500
1147467393670639600
1177758082656374800
1193074303048151000
811915070405943300
962639584818430000
1153297361495421000
1135456594693541900
3257206538
1132212032491515900
1193062249906106400
2607096805
4904876358
1193070940613038000
1175029640500351000
846785900340113400
1169914747384258600
1125383926258626600
1193049983525605400
1061165755201314800
1190970737072296000
821329573350543400
1143149002373783600
1184027626781864000
1193060073968304000
1193056313825054700
182843720
2583775681
601298901
3852228133
1183036874308239400
1167093988232319000
977840442610827300
1193046889962168300
1145553438169694200
1193046475120337000
1189824126606667800
1105395283859365900
1145658580667781100
1059809916414640100
1105650616724930600
771982176392839200
1193047088470229000
2840846611
900313720810684400
418296697
1143505158468333600
4081141706
1193042458940100600
1181748914665341000
903782991494647800
1140303512015818800
1193040127838212000
3112573426
1182572112751415300
1020843867346632700
1135829335032574000
987310104163770400
865129406640996400
965203930832502800
1176151846219444200
875128100069056500
1193034107678146600
1192811132630651000
888712321832321000
258248494
1193032078717177900
1193031026588565500
1186228151950536700
890246638899388400
1192103859683901400
1192712854819917800
1059241165885661200
1147864621123960800
1152832129
1000719523341680600
1117744741024555000
1077395454390788100
4223119758
1135756152090705900
1178948490501578800
1175414379195428900
1193014754584907800
1193014877087887400
979151954998837200
1191651694540492800
1164525167986397200
835442763260801000
1166314262890868700
2216141624
1544886140
1015817527417495600
766783668
927151735549804500
1191236857905868800
1050374680903733200
1192419684181610500
1191712741834125300
1172396993315922000
4898090126
1349160948
2378104010
863604153083244500
704457175809310700
3190896210
2461081940
295701387
1056895806249168900
4367535373
3228212724
982923934067667000
1165566018518802400
1185854053667917800
1192981672884441000
1114836791964475400
880782897480745000
466111451
739057716065243100
716578979658903600
1110544914310291500
1041213667289718800
967694033093972000
1182860999159767000
1148788779160887300
842927709529358300
1178279064437551000
1192979887436398600
3047060534
1162751036
1192744962909069300
3164078834
1094214208894361600
1146080320342487000
1192968406082830300
904288181457117200
1004212811118018600
789069133732163600
1110536533046550500
1192963428396068900
1133016082556411900
1091299169476603900
1192652525406605300
874350050020905000
1192811074833277000
2688383640
1127521904208670700
1073527380696690700
1156028168689471500
1186028081992982500
250060369
1192012118079393800
997613636095852500
398056022
1175370960016294000
1081526816215429100
4824851748
1192803868259696600
972818057310617600
850339229703876600
1146100393950060500
1162726987196059600
1192933159463055400
1144804379616133100
954697409895972900
1111610821493157900
2772517128
1191874587958493200
1170169014712094700
1059012757897408500
2421870852
1192920990881181700
884352884292239400
1175708723244748800
803643740514418700
1131870367612457000
767792587558293500
1166843579689394200
1126764480803696600
1180298174721749000
1143427850164293600
794119563004645400
1001168192310460400
2802143454
1171322936109625300
1165940563989762000
1125252987142586400
1186741422407475200
993868304891527200
1082963196468551700
2834222413
1110007461870604300
872228291242975200
758246191586955300
2817171097
1192071069655421000
890440575526215700
781391380253859800
1860166482
940302207064215600
872798723343958000
1185335114944790500
824516555106955300
1155515586077581300
1192824401714122800
3184517664
196172175
1176024464246526000
2706117924
1192388568359981000
1128669015839141900
1158004222740160500
1068369652940599300
3164296952
1163285656275042300
1127086681092345900
1123818604707840000
845197433457946600
1141677347839418400
2333364048
889716699477401600
1192028213955846100
1146780694418300900
840357474045575200
742313287463755800
281017770
1087996839838838800
1180503649069363200
896290268739022800
1191652187522257000
786767383
1017834230758367200
1180406595894689800
3019204537
1119949015217348600
1135923159226388500
1107268711281393700
876362471233142800
1068796399033012200
1180847690738851800
1115474624920178700
1197551707
972443398283042800
1190841603046293500
1182607527696973800
716237972761235500
1192796486397915100
1110589348389412900
1081173488281571300
978223220846313500
987901793337204700
1088823894771826700
1190253757407195100
1192793366259306500
945464096375283700
1190879092440100900
1192790980807643100
1190968791343063000
1183289720261861400
1149688215701356500
890929166538874900
1192789835322278000
873873314501976000
977365868395905000
1192779783886651400
830044047070761000
1192787846857232400
1026284375392972800
1052114739134779400
1158292044441243600
1192782499354566700
949211668948467700
1161819304657973200
1111534190791581700
1176794116014821400
1192776971576434700
1192777992499449900
1076153821980553200
1157877066886340600
1192779190950477800
1054711584646283300
1191293459274952700
1177760352894771200
709051576485216300
1128630319517618200
1127481796990423000
4667615916
1191139168564301800
4343850325
486772216
1192775652912451600
1095316545259987000
1159107123176865800
196952609
1192772344378359800
1039454273812066300
1192768407688511500
1192771272683356200
1135058972359004200
1119369122947579900
3115135220
1026467268614451200
1180127539219456000
1119825999909179400
1159469961456132000
850924284981551100
1000292037864734700
1192766896132649000
1138829709926494200
1192765008188338200
363158462
1147866217576718300
1192763097359904800
1165173513512112000
1182595703127695400
970058419724890100
1042032361330757600
1091569956808941600
865880110947160000
1188604685294325800
1124392094980759600
869888950143393800
1192754201039753200
1192755423603912700
975703749061570600
1012993577377456100
1191171519818322000
1190449049863721000
1185167316868223000
1151612845211045900
841274208415965200
1121722098181742600
3022107985
1040047233121448000
1021022616063131600
779289212310855700
1185553164814057500
2293058719
3305361775
352132502
1112208103825539100
1580384612
1188004787788210200
933183828327202800
1192017463270989800
1119274585164140500
776917771
1109064634303053800
1158665991741571000
1011586082218041300
1113062258597232600
3184255525
625355391
4243235353
1192729346701611000
1153727580291231700
1152863414538010600
1191747217159114800
1068011061536686100
98043972
1056457954528976900
1189433041648640000
1180330564231954400
1190208518621544400
787274303926440000
1079641061968887800
970895133502619600
1192370138797838300
1162034477901553700
1042994135290925000
878246776209252400
1192708290880233500
1192711299995594800
3096266072
1171329510232313900
1012179877095616500
1060807194646474800
875783992691130400
1182196324646584300
1192215311073702000
1192708101725511700
1140544468119982100
1191749355226534000
1192706587099484200
1174217790682751000
1046027780972924900
912071220144701400
1126789089888366600
1110401133145514000
2935540890
990527272640626700
1190899149853491200
923925781142736900
1029846561503641600
1191998016976146400
1162910907875254300
2939136660
1049601261111107600
1289678245
991857822118723600
1074122112502181900
1134825777340354600
1192680644716855300
1110849149518274600
1602019476
1016653259711250400
1176105573755969500
962556212603641900
739819912797917200
896998261516492800
2981224416
1341884996
1026094100859113500
1328184846
1137903066034737200
873345322830839800
1186188807105736700
807586447351955500
949244052880240600
1192671354765500400
901392191251034100
1966194792
1192664053044273200
1096411834159030300
1187577935001075700
1165801805936124000
1192456944130224000
922682284536356900
776056847010639900
1192660339692716000
800624342841180200
1188451463279739000
1192470972802093000
1192657299023622100
2358918828
936770920881864700
1191992772896514000
3095769421
1190862155098153000
876437776731848700
1032479879982243800
4649599992
1189297671002943500
836512292971782100
1111511952247812100
1552891477
1139655932458070000
810576113789321200
1079559194016124900
987340686767800300
1192604391976644600
959994865818857500
764510150094753800
4881488217
706719226707312600
3278881255
1183667394440335400
1164928267
1145637590734798800
914081153207828500
1191992607309803500
892211961802272800
1191962676387360800
1025732059585699800
1153318753884491800
1151105523451719700
1077106834408845300
1191271578010435600
2338380103
994832800229548000
1108725262412210200
1174728215216001000
3635983044
983279642118242300
1068501392795398100
1185131562947375000
1192435575669739500
761074277122646000
903289571579838500
1107988788905566200
849228957983555600
1135502819702607900
1192556468362346500
1159122335900655600
901277358
875437064623444000
985524573822042100
1192545683607146500
1180165588158578700
1192516911847768000
1191135746121449500
762059111244574700
1184154596320481300
1175569104847032300
1192443239543951400
858608762176720900
1180127158749917200
1115916335991517200
1160223271263932400
1167523536421806000
1177786192890228700
1504242103
853621552683692000
1192477837824909300
3257435580
1092011243156590600
703820449709322200
1065989385974276100
838313510060740600
712550125244170200
1173886581041578000
597398649
893640881860862000
1192462230954004500
717615242
1688566004
1165899134563258400
1050026031690600400
1192461048609038300
985140856611979300
1192444552574931000
1191351359506804700
1011484981661655000
1182947823014146000
1191489576272973800
1182700830488555500
1182653370634559500
1192450493173260300
1127618565396258800
1140948648538173400
1081472621982580700
899862396407132200
721203524999127000
1025944872417558500
1055505454896300000
1190595783684317200
970875337939677200
713541362218508300
1152211255077138400
1191680730876665900
1192446646233129000
1136220721225429000
3315996372
979735150949888000
1189820951321444400
964044812453265400
1030442081901113300
896665610012082200
1191727527200534500
752705992391991300
1155438648826798000
1192427424853610500
1150489091873493000
941096187616157700
1177594674640343000
976288046034313200
1175665943176855600
1078646640066457600
1122064636570783700
1192431281042100200
1192255383412232200
1184543022
1192431960083193900
970188626108678100
1161264983843328000
1178978990670803000
1192431216772825000
990294260791427100
1022428693937844200
1147827957223657500
1192428235578998800
1189671701027573800
1153727720494211000
1034740503265271800
834246028186394600
463844541
1132251181940559900
1192417030395154400
1185818101952086000
890908783077081100
1159485891947032600
4584778232
1191815143648194600
830139986716422100
865533299300548600
1188486098705502200
2558969876
230407301
1162938005373378600
1192345718641397800
1187451047268114400
1173549500545155000
2954368482
1189542302378647600
1192419514673033200
1098946560858050600
1192417785692835800
3250633789
1190511492962996200
1180791835351896000
1192393537247035400
1191310907650953200
1192416918063345700
1036266175347322900
826438809042628600
1164114152534597600
939867556571070500
1013802383581671400
718469066743107600
1182983551219716000
1192410741061472300
1159379191202115600
1152047564335697900
1154725195770282000
1683331604
1191665105114517500
1137575506562281500
1339020115
819917855160307700
1192404840720154600
876805838085644300
903705255505825800
1058422471991287800
1155770180988833800
1192404064740315100
1160453399361441800
1186189368362324000
1192402535631347700
2803732790
1192401421045338000
1192399666744184800
1145250008171569200
2582854710
1032133110291300400
1192400512299126800
1129902985281122300
124415032
1187733689360367600
862985807430205400
854062785029783600
1192398885542482000
1188018415077736400
1171053346788139000
1188079735043022800
959395729138569200
1192001059360608300
1192394279387197400
1185916210698801200
960459210
934636037233557500
1085011216240599000
1111084688225910800
1190618135142908000
1043790204861988900
1101819416377884700
3006500642
1154061233948987400
922766254053646300
1192389944322322400
1114345501892067300
1192388396569653200
1168007535514673200
947382920381001700
1113669302714949600
1098510196647686100
1192382606358171600
1108390411964342300
1020962222443335700
1192380243375317000
1144545478069014500
1049199204763979800
975315797139574800
1153298238151090200
882051464503230500
1057761860093526000
1119291820427493400
1132103172481142800
1163162142847066000
870075307511787500
1192210112712069000
990928778342760400
844511371744063500
1159099760076136400
1192365699223605200
1952991859
1191280668052902000
153370406
758581869088682000
1192362014452019200
1166309906611236900
3241374721
1180507909160988700
937292164224057300
1186867709893476400
917337644509433900
1160540638435139600
1129004517079433200
1112292864531169300
1191852457896210400
1192357822974967800
1105606351198183400
776399512004767700
1122770555524878300
32860216
1099984445719818200
2992682600
1192352950917587000
181527976
1192056116026331100
1159659170682982400
1161604591458242600
1183993403991715800
865571806207328300
1003526125815922700
1019180430132539400
1189858231629185000
915944207549743100
1015087236184850400
1093854551268941800
930847501090877400
1053271818746789900
1104412229938499600
1192340562080231400
1192338596369289200
1062648817789493200
2803618195
769915326200811500
1192336413359923200
1192160919125495800
1189292564475764700
832144445290139600
1125246684424835100
219271656
974578912339492900
1172848523630399500
3225371684
1081117803283771400
1003662160772284400
1188723677652611000
955738901968183300
950700856151760900
1143878294133018600
1175978896967102500
3195071455
2151357258
953171643408330800
1192075255520485400
1148164024258854900
1192307978059178000
1192313509670838300
1181556363240996900
227290334
914030322865414100
1181945878392688600
1143901879497216000
2993336665
839653501122719700
734187926939013100
848401366531719200
2254174039
978404373884620800
1192295144457932800
1553213545
2499116293
1181350884267053000
874113292687425500
1158358712718774300
1100781248102821900
3222358177
1179556908354551800
1113074085372653600
770139175479865300
1115468840878497800
1191717566982439000
1192232318682853400
365594615
1144028622195269600
3637705813
1192270707146649600
1192028956783833000
994848053239705600
1532319031
1179261893803827200
1186284232080932900
1192264798504804400
2681612136
1191742570541412400
1624543470
396237714
1173282129242939400
895272463411560400
913701276205981700
1117643949303164900
1190562961061863400
1147944721957998600
1192109240497737700
1192247804896243700
877900221396557800
794561879502786600
4254852072
870929336475320300
2733956448
832529684504064000
1190465736327581700
1175205525295784000
714832985548193800
1192224326751146000
731984753763590100
952236543019647000
1127008830158590000
1054778677429334000
1191687531634409500
1113095809682174000
1105991296991162400
1192216138714767400
154455319
1131495985098547200
1192210077278584800
820475319006072800
980119019704299500
1037889979689578500
1188105969613467600
1141317131151089700
1062590105074815000
898866516
1129327081815339000
1169252252923527200
3163896468
1127083176113782800
815460303672471600
993445321458909200
1185908286928740400
4441720419
1043276803962359800
1099205006358499300
1147362339731062800
1161952096968532000
1170324826034098200
952383466657611800
1190185231761821700
3825261073
1070950404026855400
729050042091196400
1139482637582516200
1190625688786624500
3348116712
786206332143689700
1192086323219198000
1128708582977880000
1136835196454461400
1192139688548556800
1172333597467926500
1125343857460121600
1192045376338944000
2277188820
2892687678
41592513
1192113008798863400
2265668748
913798764
1192117186271182800
3179136691
995327417009897500
549180789
1138248923120750600
1190341007377715200
3148883870
1192108103170281500
1166535445691424800
3183932305
957590087981719600
1042009509571379200
399289135
973569951544963100
911419070699905000
1163435710155612200
735005055175135200
1192088483805794300
1192095378146910200
973553394647425000
1187488783584776200
1192092433774862300
1012260176466808800
1192092046107889700
2739434401
1180356455494369300
1081114887936307200
1130022731867574300
1084754829719756800
1095970559232340000
1032273092154818600
1192084668922728400
1192074274401423400
1082475165970133000
1186634346351878100
1192085326774190000
258285047
1192061184289067000
1123199218443640800
713580221547417600
989911337919627300
1040605808516452400
706752183505592300
764755979611222000
883492792898535400
1017026362131923000
1192066824470294500
111889623
1192076572099956700
936463815473971200
1192076210500563000
1192073162923507700
1189835184360681500
1858836666
1154718621400100900
1192069869367259100
1188378650820763600
1118497298047070200
1192069854431342600
800315604397740000
1191187642936750000
150438272
1183738705673998300
1186511623701221400
1184873383940378600
1122778607573540900
1192065460046483500
860475422580002800
1108620468699844600
573537214
848503344117055500
1183670544475902000
1122887216143855600
1073715511383347200
837973660937805800
1192060027340644400
149200726
1189088057632284700
938102552523980800
1190482921276108800
1164153833376759800
703132451011342300
1191683230023307300
1191858002317336600
1017393343590891500
1108288789762342900
2944975284
735790646527561700
308917869
1192052769823182800
843267065981034500
962616074981158900
2250471152
1192057850228400000
1190651673581998000
1148555985859956700
1113414701881258000
861785578043392000
1191675610717769700
981011801901908000
1157540750768238600
1192053576933077000
2716669866
2728339478
971013543834280000
905274801362792400
1150635610782068700
1109445497410879500
774251573891387400
1110588540096643100
741957020127887400
868791082942775300
1131558666102947800
1192051839123914800
4515329357
1192015186879635500
742485457624145900
896346275666247700
956086289421410300
753984831575330800
1192047949162799000
2231285203
2836023452
722912406
1135452869312692200
1071619295841374200
500746175
941516405626650600
1178127475294916600
1148210212626563100
1186518991637860400
1192043020792631300
1151022632118022100
752419375425040400
1191641886877872000
925946723406561300
1192039014745817000
1192039796169834500
924192571982671900
858664690729107500
997782498133270500
1191638351398355000
2863862982
1192016906577797000
1056491953850736600
1168647864337125400
1192031271624401000
793344632805392400
856883113938403300
1191918547401732000
1084791061161996300
1146400037196296200
1053587309184970800
1161599783359807500
1192027569350049800
996386829703172100
1024506916100169700
1191196897341390800
723462441049292800
1186204894534893600
993090852829327400
1030304033922142200
1192024682968432600
1150870171143348200
973396402549043200
784730323653320700
1192023245756629000
4323795252
1159699212507811800
1125013962624364500
736967693085990900
4135850540
1191845429207416800
995143932
927029204209639400
996012847762034700
1167816797900263400
1150408833321205800
223352995
1122392300900905000
1192015616569294800
1188377698487267300
3137712655
797284529107038200
1089876405012160500
1164813626399584300
1140079765656756200
1192012292851765200
1038353205816520700
1176762471824052200
1091519366703665200
1073507246384926700
1166605813965820000
1186668225590902800
1170277287058534400
1103596674100822000
734216352525738000
1045700487268335600
785446345414889500
1072035161213038600
876747647729541100
1103605123324895200
1005405048489144300
1191745976102350800
1076418042588872700
3311079818
1037321821912105000
1090123619169005600
1187274837435154400
810434900822138900
1118136618207076400
961874244945653800
1083652683112767500
965587584456867800
1158989063656890400
1101774292780343300
1094216078354395100
2917773835
830476590421192700
777836492567695400
1191679575303917600
2950378038
1008296185596014600
1190801501435781000
1167772880148418600
1188471214919966700
3063696504
3254034343
1191221352977420300
1044182999330259000
1130036055380381700
1135089240440692700
1190844220975677400
1081693471939866600
876423477980311600
1122704809746763800
1072299681340739600
1123796628073324500
1038457936924663800
710046398478069800
1018408898850578400
1187299623825637400
978978149319950300
2435283894
3017058939
997754467452731400
913344876342796300
1126446694323769300
4871095056
1180375619932020700
1183423036852072400
1184678577523982300
1416563066
910440687946014700
1172700733877047300
1181386706471096300
1110057610391117800
850672665853435900
1123436190840102900
1122864330100183000
835277327848226800
309709529
1125261694719053800
843397124322607100
1191731210550227000
1007628694288908300
1191955353711399000
1191959818497675300
1187344333202055200
1190071352478163000
1162605617011294200
1174325052055023600
1185920386451378200
1189053183261175800
3162451711
972631098252390400
1162979277878354000
243824367
923507694010384400
848494328141852700
3659189472
964434211414327300
2833435952
1191941250217390000
950990407004930000
1191941291719958500
1156682243957543000
1056502169182986200
1190526328065282000
1034054173963112400
1106865853784444900
1173941629071134700
1191933557423263700
117030956
880634881247592400
976769913321766900
1188458704238084000
1188752412242088000
1191295942235832300
1165624475783553000
790025041
974157404538527700
2160362538
1389554612
2908814424
1191220024045817900
1167775361255391200
1115263846602534900
1191591090912030700
2703912908
1186074411524219000
629436343
1175290227289546800
3255480834
215470238
824637529739587600
1099283837761114100
1175966253745201200
944052837796888600
912960505567879200
1191891784273522700
815241624527597600
989113202825871400
1076885450067853300
1127808507548274700
1068126457623273500
2994850205
1407313620
979715238785200100
1191408376628027400
905793457066729500
905777489103880200
1180559310729793500
827553707772375000
1151273663364075500
1191854658144202800
971351745447133200
1017673836840407000
1189082378628546600
958322715378688000
2504223848
1120313152732663800
1091900630946373600
1053240179861778400
1025412178134745100
828062472854655000
1105298229518729200
1191367245852639200
1104904438748086300
2273557642
833304059515850800
211447441
864487403225989100
1191841829416624000
1191841459676139500
1026818929279135700
919415886414413800
1191840871378870300
1043313348299776000
1129911680186478600
1160538237246398500
1086292441324351500
2881973606
1191252615641759700
792570676183982100
1113607158132666400
1106297280980635600
984999371593805800
1080766936588345300
742036344231362600
1114903428491173900
4790359484
4656277878
963748481671114800
1135827576042037200
1191822940494368800
1108008755793264600
1191823755963580400
1093537805588787200
1191514343638102000
1155773686743359500
2850173010
902539843716001800
1191792147738972200
1191810451991974000
1110546480618569700
1191798832826175500
1086974360080924700
723546121268650000
3109689566
1182233481729859600
2646710815
1191408196205703200
387679104
1185540350376460300
937132629324841000
1116707389623783400
1010836866579349500
1191760479032500200
1191759985841074200
958042322687545300
1191759431886753800
1180193335119507500
1069268487334490100
1191708483780956200
1047310350515720200
3180218564
1191754477675544600
1191692559640191000
1191752495187382300
1158936795402260500
3063950942
1191748938346320000
2692283274
1103994422469910500
1154290904212992000
1191747488824193000
553816859
1191683626280218600
740554394144374800
1191665834009055200
1191618557328519200
1164628616967331800
1191740141414469600
1120599219687964700
1191739235516088300
3112864155
933290641529888800
2903616768
1191312081611444200
1164877980285325300
1109080378591985700
843443133144694800
914182652562874400
1084272427876593700
1191292667151306800
1077145668869750800
854923569364475900
1103274090314391600
1156469524146688000
969586181590499300
1094453666445029400
1191728723587993600
1107163464772968400
1107670095248019500
2582247925
1038640842871730200
1191727055983038500
3045389484
1135864520855810000
723392560174010400
1156542330444210200
1152145657777406000
755365614890340400
990186391563714600
1191596466130677800
1112337807169577000
232230105
1182984488587972600
1169159246400897000
908759841807765500
1180681108179968000
1071688482026704900
1131072335681744900
3041047111
2888356724
886119197457002500
1187411559070363600
1153277184317878300
3300445231
1147036493677920300
1188249405893181400
1189924999773077500
3328786874
864452440027836400
1249152944
1191718099000541200
1191716464035684400
1055346356535971800
1118555511014576100
1402109815
1049275784966230000
1189748242050887700
261155630
1191336811445936000
1164427592012664800
1191679766769762300
959162041616408600
1158021866285437000
996516478802321400
2761704618
1191661050912858000
2792241278
1191708852367970300
1178665370208456700
1191689485559353300
825410145547014100
1111643598900990000
4833915495
1191704102306115600
1156702863575269400
983268649271087100
808663926078459900
168655116
1191702104500424700
729216490021388300
1154564456380129300
1137678701628276700
983679193094340600
3170863219
1075710927700291600
73791187
1191691980281020400
1001894925338738700
1164550428622672000
1185125879648641000
1190962471546151000
1163694522246656000
706061326863376400
1178090366861332500
151808284
1191694949311377400
1079022061907935200
1191691693294149600
1160822705697853400
1175723296333029400
1168232282525560800
1161107246161379300
795109444891742200
1187861493997396000
1191694155950329900
996407277589413900
830286994563436500
997442705935368200
973109935415283700
842322575367651300
1144999271730520000
2865056298
4276598959
848168790726549500
1155709620515532800
985346268196040700
543841492
1177193541950300200
1178316634487844900
796614597256052700
737440020252876800
1003115313070669800
1191679364020105200
977832417732919300
1168136448861560800
1191667170008158200
1148796154907201500
1181483874649395200
1185811535857213400
1191675767266001000
1191674819864973300
1134662144182476800
1182902174235295700
3243028788
1191664204274495500
808231085356163100
892389167362998300
1176393308391628800
1110776976816504800
1138715038552748000
1178708533216301000
1001494593051873300
1274840275
1191663607362179000
1182202557382287400
1073127885030928400
1112655292158771200
953336694564061200
1166644668299219000
1078607651678777300
1046276694548463600
985702356674162700
1029316962533273600
1042073098764218400
1103927660072190000
1146036291064123400
890213141673525200
1168503829542817800
2676951458
880271498203635700
923878020871368700
1191659051790127000
1191659711092818000
1191633261568487400
1109607643063058400
1174371267459219500
1112918365578772500
874996616976941000
746259326977769500
925642916311195600
1183234918601523200
1143527121937002500
1191651098110484500
2171991810
60649693
1131181593999994900
1110707093185519600
1191250654641045500
998512409865175000
1104709696617738200
964840057658986500
1184070767975075800
1123289573897883600
1137908709001031700
2232729415
1173943337289572400
387745859
997079820608487400
1191640695817113600
1169628525755650000
1191637153094062000
3140301128
1152556550491295700
1174552046407577600
928973100984631300
1191633345819500500
794213218256195600
2913172656
1185487725182349300
1020568082903838700
1191630698756460500
1019169075107254300
1223374154
1191295614966874000
1128196510812782600
2520727945
1190230523358015500
1191622701086957600
1115523616202846200
822423016575381500
966285600830586900
1191625551993163800
1098068497404387300
1182236789991280600
1189169430871167000
1152099902400282600
1191621134065647600
1120282137783980000
1190461375056711700
922404381487591400
1120321318891601900
1077847007388024800
2427810313
1175348021321588700
1107820018346033200
815842719478083600
1084066243596828700
1188031330526740500
366293842
1187964749268639700
1029375043631861800
1191608469364695000
1191607623272956000
1186520216072667100
797016765830021100
786387026991943700
1191598881831735300
1191599599523258400
1120666880140689400
841589539588071400
982276637826756600
991151290754388000
796721289838743600
1191347055165264000
1027201106768670700
1190602822317789200
1026984392265105400
2198548256
1180803499174461400
1162328407620771800
1075159966246465500
2396167806
1164151309991387100
1191575937046864000
942786089638432800
1151740761316065300
999181166258176000
2597972120
1191568769857900500
842786709058154500
1156216427994423300
1186125598445293600
1130053532621525000
987260975773507600
2198690011
1125605685536874500
2907732079
1153181097741582300
2922904308
1393438165
861119763358953500
843306871238795300
1190222223518257200
3788207600
1372301816
2827680146
1127061413078265900
1181432348979499000
1090674851675746300
1183342225616298000
1189811589152592000
1134150677062570000
1113503612825522200
966641175707795500
169413776
1191253612048969700
724098895802835000
986546577375248400
1191525135783563300
1010098916077912000
876010665755811800
856516773809594400
1166693365586387000
1051039153889005600
2396440634
1096295210315800600
753009565549989900
1164960584367952000
936122207301902300
2580547394
1136273781054304300
1191513887473946600
956099042873811000
1135322185810100200
1146407262153347100
1191440662341664800
1191507360260321300
1073987366941995000
1151029381369753600
2840083692
1168419858649772000
951095170962894800
1014484429169758200
1182103405826695200
1178245137446518800
913709399041916900
1674433021
1336386248
980270730930618400
1174628624550359000
1191495249090080800
169001453
851750918852714500
1120904810138488800
1182609798346334200
492688442
1190511577578885000
876654281201393700
1188003973153738800
1190633042290737200
1037644047102304300
1154337012343664600
2698055172
707054983938609200
1186238695256408000
1191485440588533800
1028206389246623700
860904858508968000
1191478306199105500
1186159017053155300
1135514715252113400
2601851084
1182913989648404500
974197598541168600
1153050533776593000
3246748866
1178650026085507000
1191464703588913200
3033802692
1191463790694416400
1167919842155880400
938413665602228200
1189838347771887600
4654285153
1142403241646252000
632062442
1191424553613815800
1191421355104694300
1098397308574621700
1097457732880261100
1112733541035462700
2599217214
1185918914938589200
3183418130
1191403237166813200
1155136894490964000
1191388530804580400
1191405303209676800
456720115
1191400980769726500
1180570377845502000
1179641880461471700
705784413007654900
1087662557639241700
891684210230018000
2592532044
967014706253774800
765526398
1127955180920528900
2315464596
1129588537769152500
1019260799913562100
1163085856564899800
802147952961589200
1125272388017332200
1087344824561295400
1039266777111224300
3066230431
1191383477096108000
1191386842756567000
1191384700159287300
1134437001279692800
146474611
972320747841454100
1191383500093452300
1112342506354561000
754282706800775200
1174344025207271400
4364844139
1191336281432674300
1094119177831440400
1388699616
1059682139908853800
1053426648173801500
836918351179862000
1187375039370449000
3069353790
994233433617416200
1183335130724593700
1020859162308194300
1185903864504938500
1191369565160128500
939763630903517200
1186592745449652200
826775234090905600
1191371757325652000
1124850351562059800
1171355277389516800
857514848749363200
1191186768768274400
1066950530906251300
1191228457910292500
1025195560779694100
1175761966381453300
1107298765411500000
1191365036796547000
839744657030459400
1098534496771526700
1191365677182898200
750635894432870400
1190077379894362000
1067712114360369200
817633611637608400
1186095724087242800
126873447
135446304
1159052188938731500
1191360951104073700
1150377893014360000
714409443467726800
1189416793921618000
1191359148127948800
1191356554320105500
981460708842852400
1161991782869229600
1051161263395430400
916168953159970800
2991090354
1126380781033611300
1607692711
996907869088829400
1191355249107226600
1189385518217171000
1191350931553538000
1147668685512773600
1137990769392808000
1191302908203061200
1029550966989717500
3015900357
1191241734811861000
1130767294143975400
828554884312035300
1183293671803736000
1113447171045486600
1117541944152846300
1191341899988078600
1640459114
1151046462039416800
1157973868893466600
946340393515335700
1477225298
1072855534900981800
1153633089416904700
1191234944619532300
1191339953285824500
1112335772206551000
1097482863996416000
3290145656
1159906177
1106775848852426800
1156581896605880300
1191336914864861200
923155255424008200
1106429182299365400
1188761754395824000
720276665549455400
1190907207048556500
1099564601211940900
1173856687234510800
804588246327902200
1125332389893296100
1102906562656399400
1191330527837487000
1098840073632505900
1191329246808957000
980067243407982600
739285397444788200
988388599727996900
1185607154620747800
1112008936683532300
979971043090550800
1030466853431205900
1149332488994426900
985625333159288800
98317212
1015609982040006700
1130036716167761900
1140987191918620700
3248908051
1174567841992859600
1149279283874943000
2905984674
838250348116504600
1191301910571020300
1191312904370315300
1160551228511666200
1191315306569851000
1109511719800299500
1049098396307353600
1191316955480739800
964718421257592800
1147155427462750200
2243799732
1190191839057330200
1190862873053892600
1183259589342421000
1133672605104263200
979553436822720500
993127760150257700
1096697552252989400
1147927361129607200
1028643879791161300
1131940157131612200
1191311449550815200
1105111484533661700
1039464022897094700
1191238059133554700
406012418
987622936461824000
948392138328256500
1119861370302812200
825220225079484400
787986229027405800
3322043552
3162568544
961600827856060400
1125362871129403400
1056005207119716400
4398304452
1111407919264755700
1041264027295350800
1191102808264564700
2282880426
1156056530006921200
759042955197812700
3099344107
1023531962101686300
938399241449246700
1191305017916981200
1177514148030140400
1113846658293350400
1191291692269195300
140477536
1175617670168727600
915205636643680300
1153909813010522000
1183306338782171100
1191298783612551200
1058014409245655000
1162369457433370600
1191299853436850200
1030405607784767500
1141622757681070100
859372672144220200
1191293305750818800
2737574797
2290759034
1191295949148057600
715853409945985000
1137034082817175600
1035488128092364800
726033163965747200
1185128412966355000
3070436425
852791986935414800
1191290966721745000
1170322935032115200
998853833068441600
152757722
1134039146874335200
632110674
1118450168536289300
1127435668949311500
34586932
1191281878247952400
1189870982527209500
1015931127402455000
1191289865083601000
1189804294205137000
1172878761898852400
1191288985701634000
1037295125670518800
1161251203654623200
993768864570794000
1191226571220123600
964601984450834400
1191280125507063800
1191277406998286300
1181527759970922500
1152922688974774300
736438564695642100
1191283586097221600
1191281602497634300
812545533248032800
1086805129200689200
1175779958913814500
4732927998
1191249091927261200
1191277964144472000
1023872650198696000
905376308569423900
1135514141320405000
1191275869915906000
891571025862770700
1153511458077937700
1191276139706085400
1045321822630162400
1191274794446049300
1191271444417671200
1053262225345929200
1060063674327388200
1123600429194010600
1022471062674497500
3018511753
1187883649414221800
1186436722646638600
1191267863736152000
1191266867245023200
1185916485887123500
723507071971291100
1191267949232844800
1163433056163623000
1191242418059796500
1191267095855554600
1185497674474119200
1180705921577545700
1144998014496329700
1191177914496110600
1148494315179483100
1191262151710662700
707953911777198100
1190384431858512000
887275107852230700
814441651728810000
1139517485600763900
1154558516369092600
1190632184995963000
1190910925605236700
1160792305051111400
1214127086
1191244227214102500
1124285507985231900
1143048030934822900
1079784620168630300
981908464459894800
1154423123212509200
1191234528414560300
1191243942525694000
1161983240611086300
789409610415222800
1145044749654433800
979304829301346300
1181200960162394000
737605981757050900
1191238100032209000
1188013231605829600
713008943698587600
1183672883261788200
1191230883992232000
1191213844279906300
1175020580313059300
1191213235061444600
1176792711296249900
1191226630166872000
1097406686598316000
732492749362995200
1163306166446723000
1129724713624715300
724080941367316500
873058252778463200
1109329781865082900
1509991404
942396505226223600
1125052627442491400
1026362219724824600
1183653210470224000
1125221312379609100
1177230131451981800
1118813830295900200
1185473283556163600
1003768321127268400
1190993168478531600
1191204654161383400
980125791143866400
1135506366808723500
1177124556135223300
1160578521560780800
1190663910023520300
2343002016
1191192025078517800
1191205545065115600
1013058517794582500
1191010392643788800
978105640592617500
1188076743300485000
1185195670719778800
1179066006842441700
1129339314389733400
1190961135677100000
2374794546
3104475943
947043634867724300
1176442986810396700
1048931358121193500
756372335570149400
1147702138228789200
1097130704222081000
1191178543465549800
1157823638373982200
1068798794718838800
1190049057185697800
1182228788798578700
1191189370356695000
866567832137384000
905552492271771600
1062282064068628500
1141168813368438800
1191186247282094000
346914822
1167472882735181800
3286102056
1191182236327956500
1125359866137141200
1146465017975324700
1131804552728965100
1187195982259409000
1126119947313111000
1164117652710625300
1191166133853806600
1055781064193454100
746289257505947600
1191173397473976300
1120701627738906600
1034650403084763100
1132219405096501200
1159099468660105200
1866639655
1056561299142787100
1190830018663874600
1019137541704855600
1147847488809783300
1191143439997386800
1165424885012713500
1191034196669563000
856833820905132000
808505188294103000
3241380343
919196479629049900
768872561958457300
852124590117728300
1191154167227641900
1145170435492864000
784543101406834700
1184391663801659400
1182883210809598000
1012237885880221700
1181921672225411000
1191145677226561500
1165643619883073500
1162208406339330000
1175768180452540400
1112727937088774100
1191144209828368400
1188119745603592200
372655995
1180772928016662500
1098550340620697600
1184073459027964000
1159798351023333400
2888378594
1187996467350237200
1178620386533003300
1168843105891577900
1161795411197091800
1191131802087215000
552453729
880553086963523600
1163066655200571400
1190929098303922200
1181183221116989400
1112220064160186400
1088042476672143400
1190519726004260900
1190780529953534000
1185774002138017800
1164742189965910000
292833292
1018486381813760000
1189890914254082000
1191107006347673600
1191105874074321000
1032445254438453200
1185222275823370200
1191092124818657300
788670188992340000
1024631464132935700
967310269276831700
1142043404961865700
1191079338021703700
1057143731508326400
1021467427
1021068829554749400
1183798083487850500
4054171693
921751965117300700
1138722960208826400
1191058644650954800
1190926523013845000
1049596967385325600
716459018403729400
238876907
1191051382549176300
1164561515862605800
1191019895665807400
2211669120
1124286126989070300
1155124812693540900
2341465586
1191037054517313500
1191040053662732300
858859647318376400
145243763
880319209489580000
1026000675891634200
1089058537932611600
1191027096501411800
1190828714939936800
750849109926576100
1188767590329376800
990218634780803100
1394580428
1185730527698907100
1191018909257760800
1190949052361265200
1147009356388589600
2607069985
1191015746496655400
1136618434345615400
823875621293985800
779624320570003500
1173547614832169000
980686958581043200
2395900818
178200535
1024610344549810200
1160723615299428400
1176086956201009200
1176082038291460000
999626669311672300
1162642550374596600
1127555851223425000
1186920706715447300
1191006682068832300
2609424428
1099089488104644600
1191007599270850600
1170007250678599700
787374817544577000
1129329762516623400
1060099753428508700
1190983752597459000
967352278226157600
1117727539156226000
1190995513232879600
1102127523947733000
1185706528948383700
1190524651107045400
1178330776779149300
867241293176381400
1175694503904075800
1041880058665685000
1190990944436244500
1111603471696822300
728222226823008300
903911125196054500
1031075435189157900
1163862558584893400
884588100625719300
1190995209858896000
1164498903254724600
916573906126831600
1190993758831042600
1070874566052917200
988419375173521400
910267301114478600
1149726660830224400
1190935108531802000
1187729948754104300
1190990292238815200
1190988001368608800
1190933892242403300
1060457145714401300
1086405853958221800
1190981627448418300
973921308135243800
1185737601749139500
1107853489219100700
1106144802528088000
1190969088174018600
758608185385025500
1108990779706335200
1190985000608391200
1142795483422662700
907557989455822800
1165252570819883000
1190635399925747700
1190983144494624800
1190980551777243100
1190982224524402700
977032885034078200
1190980726419640300
1187705435471483000
275068520
932493121123795000
1022355220850864100
1190979637817426000
1188438706450862000
1190976189352960000
1190978678894628900
1189943223524872200
1190975362475286500
4655515214
1145313925308637200
1190973458106044400
1190937392800133000
97409886
1190970885521338400
1184492140274995200
1182259258726858800
889823115886440400
1190534541502365700
1098561237892325400
1130131091916873700
962731199415201800
1190966493019656200
1040114592511225900
1186901891369730000
1190958581819924500
1190965711042044000
1190966027741356000
501962178
1190962478148046800
1162169914586648600
1190961897895428000
965960248522555400
1190961827707904000
1173222661553475600
2931987480
1190960238121242600
1105348568880078800
1103568819404980200
1168290849421004800
1190959083827761200
1138283933173289000
1144176045085511700
731122316588011500
1008168836816703500
828514598470905900
1187502244876308500
723034325403357200
971713746782494700
1073582263726682100
1190839594310201300
1182570740656140300
1186625619817156600
1122936487375327200
1073885734149320700
1140557396244172800
1111877848090828800
1190949901108035600
1190952742602195000
2851377391
1189546896244654000
1178234788068520000
1175367456749043700
1190842760632225800
1127356026750005200
2364310513
1190937481425801200
994317465797648400
1176836260884701200
898437220670951400
1171045740556062700
1172505982661845000
1150599015009964000
1147872628150947800
1190859682392330200
840869370771398700
1002810787423871000
1190936935574823000
1190937365621010400
1422414788
1139735871815446500
1183411859384176600
868112799045525500
1109750786571960300
1190935078047608800
1180234133819117600
1068711933870624800
1089823343451136000
1041069996305072100
1129010542469832700
1135903420424974300
1154755612372160500
1041335151047786500
1190929961713987600
1190522296621912000
1187704013065609200
802780093315547100
787088452927971300
4583868314
1026042065921011700
1190928575014113300
1189528086745759700
1190921836256563200
1061255784682598400
1190926556014579700
1189156198580273200
1190924000546832400
1072547127190941700
1190866352694685700
1190922380614369300
1109721259103809500
1190920587050225700
1183743601081061400
1011616311535734800
1010846547905372200
1182333801092923400
1190917658062938000
1187271745222271000
1019220242
1183677221115842600
1133720882935812100
1190465215864795100
1064924228191871000
1190609297077493800
1190907692782506000
1190906968191275000
1184764964604534800
3310938823
1190888955530465300
1073486568822689800
1160875031699710000
1074648735001407500
1190894466636243000
1188700114417643500
1158039115582935000
823854232558190600
991275069094608900
1189190290147442700
1190897464670208000
899198747208372200
841417648692850700
1190892651924476000
1066301380657201200
1190893207917232000
1190891468656758800
125294850
1190893432442478600
1159464949069959200
1160911178819727400
1151435728502415400
1190890164115009500
1045059843231367200
1001318501544411100
1178360101830180900
1060118994496045000
927608275
2801726466
993123080955310100
1161739196144296000
1190879813650673700
1188736683094630400
1190879998376210400
1190878648020037600
1166490337944035300
1190878463437049900
1133769885736038400
1122429052931821600
875851783666413600
1137985524646334500
1190867892226556000
946918011465633800
1190868569283629000
1190868764889239600
1190862735161999400
987900950361718800
3747880452
879670349645860900
846369646936670200
950384991950663700
810078069708886000
846140610142711800
1124508834024661000
1066354833400053800
1190843623480451000
1172979707798679600
1131154148643106800
1180812960047911000
1190842044152811500
784152748723843100
1184485147690684400
1161204953492312000
1183778990680494000
1188111289396035600
1139345286080299000
1190833344134533000
1190833836273201200
1141321057829175300
1163685198371811300
1190779142951731200
1129889325125054500
1190828070908788700
930069927716728800
1129005845327466500
949815960080343000
1190819198143873000
1173263760309358600
1155356700876009500
1190262225518219300
252355861
1188824300276473900
2695781576
1067213445018280000
1184094193607569400
1189594540799193000
2264238157
1171722134239891500
1190792767737196500
1188717287731187700
1188207172355686400
3219225630
1190796260778762200
717472244855746600
1135449320751157200
1181527770628640800
1101400692512583700
1186451593337569300
1081208773073498100
972852025040842800
1184961650719256600
964839956085538800
1170516942882427000
1190601439824842800
1122830766642122800
1170264342391951400
1190782036841132000
1046525966896582700
1188431126265651200
1122115112687374300
1190780648664907800
1177834840533520400
1114075083729850400
809031208885780500
1164177173483098000
1131153898050211800
1155786641153253400
849957335187324900
2916134796
1175598858900033500
987292354804465700
2788421580
1013194352
2994530526
1123189436903088100
1026034384615297000
3030253615
2415666072
1105845214944489500
1190743703037431800
824401688131989500
4385630358
700596000361066500
1046237331127132200
1178599596412457000
1507016402
1190672110126977000
1012334863045685200
426236159
1144121313440620500
941656207848116200
1154832487870132200
1004768483412885500
829598813715206100
2477900532
1174894534985052200
796282698088083500
1190678224407122000
1146766255455531000
4714156033
728349397608599600
1052258622124646400
1187564866233438200
1185038381845102600
1190635533594026000
1102090115948527600
1183057274727624700
838662551588098000
932999212148518900
897587394496548900
1173906064170860500
1190664459078946800
4218042389
1190663198698926000
1190650784335061000
1108478281529987100
1190660370676891600
1190662954061951000
1190663182030782500
1089526622720471000
1190660357485813800
1182606550117933000
911606279600169000
1190541291559379000
2887656235
1185008218105401300
1190657419854008300
3634702512
1060819906332045300
1190654894119645200
162795124
1168895087184625700
1190648606941827000
1189585085365776400
1127456902005157900
1186487809890078700
1172501270000595000
990400665439555600
1190581177603637200
1183705014868463600
1190645962546352000
1190645974076543000
3836137037
1190642277229547500
1190643204325961700
722460593446264800
307197912
1186656104861692000
1190176204898226200
597932444
1049701894883500000
3376387759
1190635292165755000
1111817995070767100
1138786906789933000
1182575585106641000
1188957766972399600
214834377
1190084323380093000
1190627405477474300
1189686577837985800
1117400208923488300
1124110632574283800
1133000652894789600
1013305291654324200
1146924400412975100
1184905139963883500
1186057381777571800
1190624249959997400
1182635527142379500
1189835884205445000
1136272434791739400
1102887421824258000
862587669020262400
1188104006343610400
1180335116633043000
473494795
1078565911571787800
1104051566707798000
3613941264
1190615634926686200
1188352498546823200
1189597912893804500
1190616251841667000
1110538127825735700
1134672178434019300
1185554002081013800
1176142650614808600
980111652572966900
1161450788184400000
1158009426558587000
1106585867739512800
843798966365913100
1190607023194292200
1190609868442390500
1190609093448196000
909720834255622100
1130982771021582300
1190606153299816400
1167352939440046000
949817434197774300
1135043920864264200
715794739782615000
1190593687119511600
1169225171657322500
1183592407985578000
1190569313154912300
1019185110829039600
1188770379755425800
1190588207735292000
1026811410917933000
1189516802528702500
1001776424842227700
1061211607890415600
1183558342456668200
769938147329257500
1190587092377587700
4441343114
986869949795680300
1157557158784856000
1190587889962217500
1190591181849186300
1190590737504592000
1152585892889890800
1190560089591009300
3303289428
1150283986641363000
1048754903835803600
1187738610012958700
1190587068679782400
1142756811109388300
777862067676000300
944566927615131600
1181107989421314000
1190583273912619000
1173001511879639000
1160747133663772700
1189141480889176000
2340800277
1174359928540024800
934294714349641700
1111897853377470500
1117264194905096200
1190580560307077000
1181557363632832500
782159835659763700
1159343519938437000
1162276875386806300
1190574462241894400
1175014312856805400
1162900935720312800
911193978589945900
924622015302008800
1190460239771889700
1190572355883421700
1122045473789866000
1105790068290015200
977499553707409400
1190565196839846000
1190564814407422000
1190559475414913000
975921427474931700
833613424454037500
1165543096462925800
1190547877753311200
1147147779036217300
927820348204097500
955960870080733200
1077817173387563000
4080318974
896210292702453800
1180664204430233600
1157803791955030000
1171891564206940200
1139425557240639500
1185911331624341500
1041696158127554600
1149943476152197100
1182624171857047600
1183314478177218600
1122106134150533100
1160383250050666500
1190543765699625000
1190539871527436300
1118118898350432300
349335612
2962128384
1164098323113889800
923924782206218200
1190544403850416000
1101851114398351400
1161074333671755800
1126132179287695400
1175760593392767000
1190205867729150000
1182209720188170200
1111055687784656900
1186558685486575600
1173488964868530200
2453004193
1176481923419402200
1183977433394868200
2911475010
1190535941909184500
1183618049372409900
1190537829576654800
1049138331559243800
1181112850443452400
1058639487624855600
1110444281087451100
1166623711992189000
1185165691848020000
911873220407550000
1162058484474495000
1190522720745742300
772683263756210200
1190532965089955800
1181110405050986500
1170300658123071500
3686334794
772287895952425000
875681143399436300
922835702869516300
1184066694265729000
1186263948099612700
4851558910
1126812013378719700
1095992013403566100
936607557128302600
1155683810702266400
1182549442047529000
895621585373024300
1132973291830779900
949880352943648800
875915400537493500
1142436635620995100
1061255207772803100
1190516227162067000
1171672343082455000
1190515108075602000
2972589353
784213426193129500
3024758484
1151859438858321900
1148551856001413100
3317395664
1132624125623619600
2510794063
1190502713412354000
1026152902337785900
984109705877311500
1186852847716987000
1107335206275412000
1190496221422477300
2299103383
1091737478954774500
896259998694514700
1186873189919379500
1190499087558135800
1058642474803982300
1109630012141895700
867626975409586200
889480894230089700
1190266130805321700
1190494099113013200
1190493253877092400
1167585720975818800
1097130627592204300
1190491060893405200
897702280903917600
986093011330150400
1012350307311865900
1064171968482619400
886015393420107800
1190163508421263400
1189152697309491200
3186010423
1190485751164620800
1130761168484573200
2379200586
1168845492563787800
1189876180180058000
842726407578964000
919240154971123700
718853863718015000
381296831
1187912094152179700
1188068748604821500
138759283
862314212839768000
1098091343845486600
1030049446187290600
955055731438317600
1126298039793008600
731068396796710900
1190473304160686000
1187663307802497000
1190447641169055700
1190468033900187600
1041644288310882300
840776088129163300
1021245821323362300
1185873162648445000
1018478808087711700
2558031565
593408402
1073124656549322800
772734511532482600
3137486989
1074084094705717200
888316387046826000
2616501390
1190419067972149200
978955700331200500
1175314916909039600
1181310104471142400
1030718645628891100
2257739670
1188488189394051000
1190455672753680400
882095578762494000
3981632113
1570028756
976420169386885100
724036927016443900
725566832791310300
583533701
1190445118542581800
946724570978848800
1165211028331741200
1148795109334372400
755974491780427800
816412968476774400
1150603368739401700
1181880483941994500
1109771790165762000
1190442429012299800
1132978439122636800
1185166501965250600
1183229997596590000
947778283608858600
1186269781755711500
1115226620619452400
1027313404598526000
520210396
1176830034482303000
127487658
1058903051040215000
1181887338181316600
733301168256909300
944803372762251300
221680713
937661663410495500
987987413766029300
1147033685096464400
1032217480054227000
1190429391269986300
982036165149757400
832714322899980300
3302841924
1189018857035288600
1183564984632037400
1641738528
1189826331611058200
1108507635085533200
1159472907153580000
1163756916293562400
1146716212392390700
732987111796662300
1126759458724433900
834621062444838900
2957383130
969118534188941300
1190414464018874400
1142418370517557200
919011315984633900
361800356
1857290318
3304116246
1865786635
790142734518538200
1155954444808282000
1138002022525878300
711067215047450600
1187695342000590800
1190399446585970700
1021196503971332100
1190230908315418600
1181847776902037500
1096293110802305000
1025158617152938000
1048378324328665100
1160845366633177000
1190399371201790000
752656362
1181899633833824300
1105381770336194600
821734634425716700
954219651264692200
1024441284650393600
1160327620203966500
1171745907362058200
3959375952
1731115154
1181878975150186500
1185749071127953400
1177086693586792400
1189885292792012800
1079762579369553900
1184821312457306000
1104708802375376900
3112985185
1096693613012996100
1027719293230710800
1190367024075047000
1165595152972279800
2857792687
865565619915153400
839000310001496000
301126870
1190341769080082400
706840622108250100
1184595930743394300
1108299930135744500
3101489905
4648458320
949684428711739400
879714248514875400
915404075205668900
1137652591502905300
3063345408
2251394041
4702173836
785460191940661200
1452818629
3147826453
926351935812157400
1052184578868228100
1190304669584613400
975991843610480600
3147868352
1190305410764308500
1006066381681332200
1142346087820218400
827039383484190700
1152535208333176800
826661743359242200
1110181312181100500
863829657996726300
1189534475555750000
848940570915491800
1918934298
1190258493673992200
941947856344064000
1133330988660977700
1190271336465207300
1046343781614645200
937863554799231000
1190280161075220500
726013679498448900
840730016031756300
1148582446578856000
847272061001007100
1184447890921414700
3373213575
978899882466533400
1180350336508104700
932944948441186300
796499260183224300
1091686166972162000
861494199828439000
1176704343208267800
4806299534
1119279174261153800
1148528477231931400
913732847264862200
1140425125315039200
1190276203975852000
1190272449046147000
1182276327329525800
1166660823705514000
1077499332096446500
1190267387280420900
1128122004773589000
1190270794011533300
129156144
1171062337370878000
1156237834056953900
1033552735449243600
743809363588976600
1161975588615151600
1166736030029860900
1151092080434802700
1046603408545742800
1176883943305445400
1157655335722578000
991634802020270100
996745090088353800
1081562392817938400
1169618962755113000
1190257876066955300
1190258527056433200
1106865010406359000
1187310945225150500
1103126614026551300
1094088403564412900
1190258433909375000
1130660754066042900
1063838155726479400
1171690722161881000
703191885184041000
1190257458268127200
1189117477726195700
1058324743021973500
1566004494
1171710717491208200
1165631738199957500
731835145406160900
1189829627335737300
1190207183507427300
1100636759463931900
994104364976369700
1117011875470958600
1113964049010647000
1180486030018805800
1190246689954599000
1176367817634902000
1189865416010526700
1188044746905620500
1122070510668374000
1190183407159894000
965534825884000300
1188389741760090000
939542239834906600
725278091723964400
1156177660046790700
1035023847202811900
2565937998
819844743387484200
1163672471553233000
1131896301052866600
1190237658607341600
1048149652522987500
1646747606
895602778373972000
2807396684
1187693772596891600
890677137232941000
1124671439213228000
1188412002667917300
1166061437569175600
1166552289085141000
839337706341572600
994855525903986700
1190232488376819700
987702936795992000
1160027461586841600
1169650018589933600
1168921414696657000
768382881190125600
1188445033214562300
1140171273319772200
731077996958769200
1165554134608568300
921675044954054700
873005576208306200
1190223792292786200
1077191357905625100
840218289720582100
1190211745148633000
1181897938055753700
1190221857196138500
1185876899886534700
1190222699567534000
1112649584222691300
1081444964834234400
1018427797541347300
1080814364347686900
1164798048112767000
1109019324755271700
1180514294967914500
1000983207339286500
1070099296874164200
3285856285
1129012432939077600
1043803636805992400
897100744653815800
1109035596243062800
1190207766016577500
1190211507486806000
3779951360
1167005994724937700
1113042196486283300
1136571857044271100
976324030616674300
1190209452097466400
1190209051616936000
1185852010077147100
1190208022024310800
1019174950190452700
1089314065971699700
1094852907294322700
1166351960460660700
1012895929286864900
755844513260712000
851019503056035800
747072067170795500
1190203276068675600
1006857021411418100
1124529523830091800
1190201351558426600
1190143376592490500
1190200538559742000
1179022564573581300
1174436756222931000
1189296060839022600
935500654717517800
1190198254119473200
1189931428353433600
1189173708356669400
1179963221882441700
1190099361008504800
1171779840338346000
991273218701905900
1145313060933869600
1190190735112339500
299572930
1175038542189195300
1156911042561114000
959814736962555900
1025554935847370800
1190043926478016500
1183286426684645400
1190188035633057800
1189546470002741200
1189519366619979800
897111365583749100
797780353142272000
1121282975105032200
719158665060585500
1155382758853582800
1190183040510771200
1190183267837677600
1189909285838282800
817483944
1104599403124277200
1190179382091899000
1177067415131185200
1185824767036678100
1169575605257457700
1151519916538773500
4897303754
1123470103188770800
2196974946
971619097338249200
1182651485663850500
1183577562607341600
937131706028474400
1180504303116537900
1168430248913850400
1185594241109545000
1190160913606668300
1190166823938879500
811789500741337100
1150661833205829600
1167062204304085000
621869792
1101848726430081000
1079500477748793300
2783381646
1134220230236856300
990210930859388900
3288797760
1092413219946152000
730307834114510800
1124533560772141000
916526322863677400
1094563114329157600
1140254989484322800
1189517883887407000
739590247328026600
984230979249225700
767765994848735200
1081495030659862500
1189586145979465700
754999156389720000
1068616346999521300
1130279185195257900
1190077220313690000
974167791912681500
1097001494753173500
1038225682868789200
3046472497
1190126651427811300
1186556055506997200
2451171812
844534314972827600
917017122504446000
1090304099239702500
791501808426516500
3311545938
950742712231239700
1163736848537010200
788405471195439100
3115124190
1104619935693594600
1183637724302991400
1190111746305847300
1174256904899584000
1168314134825291800
3012975050
1123058504325931000
1190105801320329200
1160684329556537300
3040945843
826990974689644500
1161613276561543200
1101790114181595100
737678279751041000
898745869666631700
777156718652293100
1102024038
1012065341940232200
1115831275896569900
784938630271868900
1139332195422572500
1159790062290124800
891142818609025000
845652065925804000
1189852653083218000
867920393046241300
973459957025669100
1117239449954312200
1190079577382629400
2419772444
501048600
872230807074512900
873865676968017900
1105691567531032600
889864085113667600
1189626547864424400
2825529604
489248398
1143077162229960700
1315731906
911704393
1190069323714289700
886825642230034400
1123395600999837700
1038940286
1171397983746719700
1174674228034957300
3139727984
3678455294
2431777332
838264046944034800
1185136423428452400
1170003095230640000
2904279924
97154371
953047277710360600
3138598620
1028837534573322200
1187342202965414000
3187714525
1190041166139363300
1168867786791145500
1022447192907362300
1081200925102956500
984127980
2791395940
1150425843136467000
590443111
983407234699817000
1128301790758203400
952070741549183000
1393484664
1097077572318330900
1429907964
1055015927283015700
1041190544850935800
1153983438803701800
1062286872259391500
713275662413406200
1174240073929375700
1120383488341893100
1040184735689891800
1036131866833641500
1190030527417344000
1114810302359408600
1107902080683929600
1178686177710231600
1189795232159649800
1190029540216586200
845974961445482500
1022857506828111900
2676193621
1190025630139605000
3246024572
1051122219164741600
1086420900688228400
1139811430603956200
1172138629109444600
1189900287386849300
4073779512
1107098620673683500
1125337882766397400
1061954361683656700
3257122973
1085644291324571600
930945571
1086283842497896400
2395586690
607637710
860587961565540400
1079104114091425800
896009823564701700
1150348249657593900
2170581012
1189975957316046800
1698504510
1139534289345794000
3302461189
3227026943
1189973223342895000
2936013325
1037305187545706500
1189968625286946800
1186422962628382700
2222970806
1136953412702990300
1161086474604839000
1276610383
1075531199756460000
1187799489148358700
1066352886068564000
781146540517621800
398022054
1189951550975664000
1189940701804425200
3248674088
1184255895548547000
1183039313073692700
844551142570831900
1175938306460151800
885802076554502100
1566039110
4256514019
1058780635379060700
1171635358540402700
972153823883018200
2784114398
815214441243414500
757484418403487700
1189449911579762700
1189932278295588900
1187485114982383600
1189929399807725600
1189928560825233400
1042413945582018600
1106533239844307000
930605253682110500
844513083242393600
1189786073066426400
992075775573573600
1101988241610178600
1027362879949828100
1143427916736286700
1185339539771945000
2870325138
1189382050794487800
1188754481682346000
862213440474984400
957585306319970300